# unix_time, cycles_done, cur_path, paths_total, pending_total, pending_favs, map_size, unique_crashes, unique_hangs, max_depth, execs_per_sec
1698682597, 0, 0, 1, 1, 1, 0.99%, 0, 0, 1, 388.35
1698682603, 0, 0, 62, 62, 1, 1.24%, 0, 0, 2, 892.21
1698682608, 0, 0, 87, 87, 1, 1.33%, 0, 0, 2, 1042.16
1698682613, 0, 0, 88, 88, 1, 1.33%, 0, 0, 2, 999.59
1698682618, 0, 0, 94, 94, 1, 1.33%, 0, 0, 2, 981.98
1698682623, 0, 0, 101, 101, 1, 1.34%, 0, 0, 2, 1017.16
1698682628, 0, 0, 104, 104, 1, 1.34%, 0, 0, 2, 1446.22
1698682633, 0, 0, 105, 105, 1, 1.34%, 0, 0, 2, 1615.41
1698682638, 0, 0, 118, 118, 1, 1.36%, 0, 0, 2, 1510.73
1698682644, 0, 0, 123, 123, 1, 1.36%, 0, 0, 2, 1117.89
1698682654, 0, 0, 125, 125, 1, 1.36%, 0, 0, 2, 962.07
1698682659, 0, 0, 131, 131, 1, 1.39%, 0, 0, 2, 1000.29
1698682669, 0, 0, 132, 132, 1, 1.41%, 0, 0, 2, 610.69
1698682674, 0, 0, 133, 133, 1, 1.41%, 0, 0, 2, 580.06
1698682679, 0, 0, 136, 136, 1, 1.41%, 0, 0, 2, 581.65
1698682685, 0, 0, 142, 142, 1, 1.42%, 0, 0, 2, 581.92
1698682690, 0, 0, 145, 145, 1, 1.42%, 0, 0, 2, 581.20
1698682700, 0, 0, 146, 146, 1, 1.42%, 0, 0, 2, 540.84
1698682705, 0, 0, 147, 147, 1, 1.43%, 0, 0, 2, 502.09
1698682710, 0, 0, 150, 150, 1, 1.45%, 0, 0, 2, 680.12
1698682715, 0, 0, 181, 181, 1, 2.17%, 0, 0, 2, 602.22
1698682725, 0, 0, 184, 184, 1, 2.17%, 0, 0, 2, 623.08
1698682756, 0, 0, 185, 185, 1, 2.17%, 0, 0, 2, 594.93
1698682975, 0, 0, 186, 186, 1, 2.17%, 0, 0, 2, 633.80
1698683062, 0, 0, 190, 190, 1, 2.19%, 0, 0, 2, 575.30
1698683087, 0, 0, 219, 219, 1, 2.19%, 0, 0, 2, 615.17
1698683093, 0, 0, 234, 234, 1, 2.19%, 0, 0, 2, 687.24
1698683098, 0, 0, 241, 241, 1, 2.19%, 0, 0, 2, 672.09
1698683103, 0, 0, 249, 249, 1, 2.21%, 0, 0, 2, 670.94
1698683108, 0, 0, 254, 254, 1, 2.21%, 0, 0, 2, 598.77
1698683113, 0, 0, 257, 257, 1, 2.21%, 0, 0, 2, 627.13
1698683118, 0, 0, 260, 260, 1, 2.21%, 0, 0, 2, 744.44
1698683123, 0, 0, 264, 264, 1, 2.21%, 0, 0, 2, 750.72
1698683128, 0, 0, 267, 267, 1, 2.21%, 0, 0, 2, 774.33
1698683133, 0, 1, 270, 269, 70, 2.21%, 0, 0, 2, 765.67
1698683429, 0, 5, 270, 268, 69, 2.21%, 0, 0, 2, 678.96
1698683884, 0, 7, 270, 267, 68, 2.21%, 0, 0, 2, 870.67
1698683899, 0, 8, 270, 266, 67, 2.21%, 0, 0, 2, 909.97
1698683909, 0, 9, 270, 265, 66, 2.21%, 0, 0, 2, 943.96
1698683929, 0, 11, 270, 264, 65, 2.21%, 0, 0, 2, 810.29
1698684276, 0, 13, 270, 263, 63, 2.21%, 0, 0, 2, 732.98
1698684408, 0, 13, 271, 264, 63, 2.23%, 0, 0, 3, 736.48
1698684735, 0, 13, 276, 269, 63, 2.23%, 0, 0, 3, 794.13
1698684740, 0, 13, 279, 272, 63, 2.23%, 0, 0, 3, 840.79
1698684745, 0, 13, 280, 273, 63, 2.23%, 0, 0, 3, 845.02
1698684750, 0, 13, 281, 274, 63, 2.23%, 0, 0, 3, 846.57
1698684756, 0, 13, 282, 275, 63, 2.23%, 0, 0, 3, 849.18
1698684766, 0, 13, 284, 277, 63, 2.23%, 0, 0, 3, 851.40
1698684771, 0, 14, 284, 276, 62, 2.23%, 0, 0, 3, 820.69
1698685122, 0, 15, 284, 275, 61, 2.23%, 0, 0, 3, 732.40
1698685473, 0, 17, 284, 274, 60, 2.23%, 0, 0, 3, 650.22
1698685936, 0, 18, 284, 273, 59, 2.23%, 0, 0, 3, 647.98
1698686012, 0, 18, 285, 274, 59, 2.23%, 0, 0, 3, 543.61
1698686094, 0, 18, 286, 275, 59, 2.23%, 0, 0, 3, 709.31
1698686454, 0, 36, 286, 274, 59, 2.23%, 0, 0, 3, 679.84
1698686972, 0, 37, 287, 274, 58, 2.23%, 0, 0, 3, 732.39
1698686977, 0, 37, 288, 275, 58, 2.23%, 0, 0, 3, 640.38
1698687110, 0, 37, 289, 276, 58, 2.23%, 0, 0, 3, 631.83
1698687380, 0, 37, 291, 278, 58, 2.24%, 0, 0, 3, 580.26
1698687385, 0, 37, 293, 280, 58, 2.24%, 0, 0, 3, 607.42
1698687491, 0, 42, 293, 279, 58, 2.24%, 0, 0, 3, 651.75
1698687527, 0, 42, 294, 280, 58, 2.24%, 0, 0, 3, 630.96
1698688010, 0, 42, 299, 285, 58, 2.24%, 0, 0, 3, 824.83
1698688015, 0, 42, 300, 286, 58, 2.24%, 0, 0, 3, 813.83
1698688020, 0, 42, 302, 288, 58, 2.24%, 0, 0, 3, 819.30
1698688025, 0, 42, 306, 292, 58, 2.24%, 0, 0, 3, 816.64
1698688030, 0, 42, 309, 295, 58, 2.24%, 0, 0, 3, 823.12
1698688035, 0, 45, 309, 294, 57, 2.24%, 0, 0, 3, 754.45
1698688554, 0, 53, 310, 294, 56, 2.24%, 0, 0, 3, 730.29
1698688564, 0, 53, 311, 295, 56, 2.24%, 0, 0, 3, 614.71
1698689062, 0, 53, 314, 298, 56, 2.24%, 0, 0, 3, 613.11
1698689072, 0, 53, 316, 300, 56, 2.24%, 0, 0, 3, 806.79
1698689077, 0, 55, 316, 299, 56, 2.24%, 0, 0, 3, 781.88
1698689082, 0, 55, 317, 300, 56, 2.24%, 0, 0, 3, 748.24
1698689422, 0, 56, 317, 299, 56, 2.24%, 0, 0, 3, 793.57
1698689503, 0, 56, 318, 300, 56, 2.24%, 0, 0, 3, 635.64
1698689773, 0, 59, 318, 299, 55, 2.24%, 0, 0, 3, 794.96
1698689778, 0, 59, 319, 300, 55, 2.24%, 0, 0, 3, 767.78
1698690129, 0, 61, 319, 299, 54, 2.24%, 0, 0, 3, 721.07
1698690644, 0, 61, 320, 300, 54, 2.24%, 0, 0, 3, 643.57
1698690649, 0, 61, 321, 301, 54, 2.24%, 0, 0, 3, 753.92
1698690654, 0, 62, 321, 300, 52, 2.24%, 0, 0, 3, 636.22
1698690670, 0, 62, 322, 301, 52, 2.24%, 0, 0, 3, 581.69
1698690812, 0, 62, 323, 302, 52, 2.24%, 0, 0, 3, 730.88
1698691179, 0, 76, 323, 301, 51, 2.24%, 0, 0, 3, 688.29
1698691235, 0, 76, 326, 304, 51, 2.24%, 0, 0, 3, 948.99
1698691240, 0, 76, 327, 305, 51, 2.24%, 0, 0, 3, 1015.50
1698691245, 0, 76, 328, 306, 51, 2.24%, 0, 0, 3, 1023.62
1698691250, 0, 76, 329, 307, 51, 2.24%, 0, 0, 3, 1008.84
1698691255, 0, 78, 331, 308, 50, 2.24%, 0, 0, 3, 949.45
1698691615, 0, 80, 331, 307, 49, 2.24%, 0, 0, 3, 812.18
1698691977, 0, 83, 331, 306, 48, 2.24%, 0, 0, 3, 763.68
1698692043, 0, 83, 332, 307, 48, 2.24%, 0, 0, 3, 698.05
1698692446, 0, 93, 332, 306, 48, 2.24%, 0, 0, 3, 676.67
1698692481, 0, 93, 333, 307, 48, 2.24%, 0, 0, 3, 607.38
1698692583, 0, 93, 334, 308, 48, 2.24%, 0, 0, 3, 546.02
1698692970, 0, 93, 336, 310, 48, 2.24%, 0, 0, 3, 770.87
1698692975, 0, 94, 336, 309, 47, 2.24%, 0, 0, 3, 698.36
1698692985, 0, 94, 337, 310, 47, 2.24%, 0, 0, 3, 610.59
1698693011, 0, 94, 338, 311, 47, 2.24%, 0, 0, 3, 597.93
1698693498, 0, 102, 338, 310, 46, 2.24%, 0, 0, 3, 672.97
1698693997, 0, 112, 338, 309, 45, 2.24%, 0, 0, 3, 724.01
1698694073, 0, 112, 340, 311, 45, 2.25%, 0, 0, 3, 645.61
1698694469, 0, 117, 340, 310, 45, 2.25%, 0, 0, 3, 700.01
1698694479, 0, 117, 341, 311, 45, 2.25%, 0, 0, 3, 695.06
1698694930, 0, 117, 343, 313, 45, 2.25%, 0, 0, 3, 706.00
1698694935, 0, 117, 344, 314, 45, 2.25%, 0, 0, 3, 753.03
1698694940, 0, 117, 345, 315, 45, 2.25%, 0, 0, 3, 775.58
1698694945, 0, 117, 347, 317, 45, 2.25%, 0, 0, 3, 832.70
1698694955, 0, 117, 348, 318, 45, 2.25%, 0, 0, 3, 869.53
1698694970, 0, 120, 348, 317, 44, 2.25%, 0, 0, 3, 701.00
1698695482, 0, 127, 348, 316, 43, 2.25%, 0, 0, 3, 734.35
1698695487, 0, 127, 349, 317, 43, 2.26%, 0, 0, 3, 675.95
1698695634, 0, 127, 350, 318, 43, 2.26%, 0, 0, 3, 718.70
1698695940, 0, 129, 350, 317, 43, 2.26%, 0, 0, 3, 687.40
1698696037, 0, 129, 351, 318, 43, 2.28%, 0, 0, 3, 578.63
1698696092, 0, 129, 352, 319, 43, 2.28%, 0, 0, 3, 704.41
1698696387, 0, 133, 352, 318, 43, 2.28%, 0, 0, 3, 706.86
1698696545, 0, 133, 353, 319, 43, 2.28%, 0, 0, 3, 689.24
1698696911, 0, 133, 354, 320, 43, 2.28%, 0, 0, 3, 673.76
1698696916, 0, 134, 354, 319, 43, 2.28%, 0, 0, 3, 717.57
1698697434, 0, 134, 355, 320, 43, 2.28%, 0, 0, 3, 710.45
1698697439, 0, 134, 356, 321, 43, 2.28%, 0, 0, 3, 818.25
1698697444, 0, 135, 356, 320, 43, 2.28%, 0, 0, 3, 728.79
1698697886, 0, 146, 357, 320, 42, 2.28%, 0, 0, 3, 730.46
1698697927, 0, 146, 358, 321, 42, 2.28%, 0, 0, 3, 615.95
1698698410, 0, 146, 360, 323, 42, 2.28%, 0, 0, 3, 655.47
1698698415, 0, 149, 360, 322, 42, 2.28%, 0, 0, 3, 698.97
1698698481, 0, 149, 361, 323, 42, 2.29%, 0, 0, 3, 908.33
1698698593, 0, 149, 363, 325, 42, 2.31%, 0, 0, 3, 663.50
1698698912, 0, 150, 364, 325, 43, 2.31%, 0, 0, 3, 667.71
1698699054, 0, 150, 365, 326, 43, 2.31%, 0, 0, 3, 694.84
1698699059, 0, 150, 370, 331, 43, 2.40%, 0, 0, 3, 662.14
1698699379, 0, 156, 372, 332, 46, 2.41%, 0, 0, 3, 740.17
1698699451, 0, 156, 374, 334, 46, 2.42%, 0, 0, 3, 895.62
1698699532, 0, 156, 377, 337, 46, 2.42%, 0, 0, 3, 741.64
1698699867, 0, 158, 377, 336, 49, 2.42%, 0, 0, 3, 774.60
1698699933, 0, 158, 378, 337, 49, 2.42%, 0, 0, 3, 816.91
1698700014, 0, 158, 379, 338, 49, 2.42%, 0, 0, 3, 748.74
1698700019, 0, 158, 380, 339, 49, 2.42%, 0, 0, 3, 680.64
1698700349, 0, 161, 380, 338, 51, 2.42%, 0, 0, 3, 774.35
1698700354, 0, 161, 381, 339, 51, 2.42%, 0, 0, 3, 700.89
1698700512, 0, 161, 382, 340, 51, 2.42%, 0, 0, 3, 650.84
1698700827, 0, 169, 382, 339, 51, 2.42%, 0, 0, 3, 681.53
1698701295, 0, 174, 383, 339, 50, 2.42%, 0, 0, 3, 761.16
1698701793, 0, 175, 383, 338, 49, 2.42%, 0, 0, 3, 655.45
1698701940, 0, 175, 384, 339, 49, 2.42%, 0, 0, 3, 718.96
1698702286, 0, 176, 384, 338, 48, 2.42%, 0, 0, 3, 446.43
1698702312, 0, 176, 385, 339, 48, 2.42%, 0, 0, 3, 368.18
1698702583, 0, 176, 400, 354, 48, 2.65%, 4, 0, 3, 221.12
1698703342, 0, 178, 400, 353, 57, 2.65%, 4, 0, 3, 277.23
1698703347, 0, 178, 401, 354, 57, 2.67%, 4, 0, 3, 178.31
1698703352, 0, 178, 402, 355, 57, 2.67%, 4, 0, 3, 140.83
1698703363, 0, 178, 404, 357, 57, 2.70%, 4, 0, 3, 154.57
1698703389, 0, 178, 405, 358, 57, 2.70%, 4, 0, 3, 148.06
1698703409, 0, 178, 407, 360, 57, 2.71%, 4, 0, 3, 274.85
1698703414, 0, 178, 409, 362, 57, 2.71%, 4, 0, 3, 174.18
1698703445, 0, 178, 410, 363, 57, 2.71%, 4, 0, 3, 146.31
1698703450, 0, 178, 412, 365, 57, 2.72%, 4, 0, 3, 145.07
1698703460, 0, 178, 414, 367, 57, 2.72%, 4, 0, 3, 136.47
1698703471, 0, 178, 415, 368, 57, 2.72%, 4, 0, 3, 134.97
1698703573, 0, 178, 416, 369, 57, 2.72%, 4, 0, 3, 524.07
1698703578, 0, 178, 419, 372, 57, 2.73%, 4, 0, 3, 618.72
1698703603, 0, 178, 421, 374, 57, 2.74%, 4, 0, 3, 138.61
1698703613, 0, 178, 422, 375, 57, 2.74%, 4, 0, 3, 150.07
1698703639, 0, 178, 423, 376, 57, 2.74%, 4, 0, 3, 150.16
1698703649, 0, 178, 424, 377, 57, 2.74%, 4, 0, 3, 148.65
1698703778, 0, 178, 425, 378, 57, 2.74%, 4, 0, 3, 142.19
1698704791, 0, 178, 426, 379, 57, 2.74%, 4, 0, 3, 156.89
1698705334, 0, 178, 427, 380, 57, 2.74%, 4, 0, 3, 155.60
1698705344, 0, 178, 429, 382, 57, 2.74%, 4, 0, 3, 240.61
1698705349, 0, 186, 429, 381, 66, 2.74%, 4, 0, 3, 562.55
1698705430, 0, 186, 430, 382, 66, 2.74%, 4, 0, 3, 570.66
1698705889, 0, 187, 430, 381, 65, 2.74%, 4, 0, 3, 684.90
1698706016, 0, 187, 431, 382, 65, 2.74%, 4, 0, 3, 603.82
1698706453, 0, 195, 431, 381, 65, 2.74%, 4, 0, 3, 701.75
1698706550, 0, 206, 431, 380, 64, 2.74%, 4, 0, 3, 966.98
1698706682, 0, 242, 431, 379, 63, 2.74%, 4, 0, 3, 806.23
1698706687, 0, 242, 432, 380, 63, 2.74%, 4, 0, 3, 682.32
1698706718, 0, 242, 433, 381, 63, 2.74%, 4, 0, 3, 605.03
1698706723, 0, 242, 435, 383, 63, 2.74%, 4, 0, 3, 629.10
1698706835, 0, 242, 436, 384, 63, 2.74%, 4, 0, 3, 594.58
1698706845, 0, 242, 437, 385, 63, 2.74%, 4, 0, 3, 608.47
1698707321, 0, 243, 437, 384, 63, 2.74%, 4, 0, 3, 618.34
1698707362, 0, 243, 438, 385, 63, 2.75%, 4, 0, 3, 734.79
1698707707, 0, 248, 439, 385, 63, 2.75%, 4, 0, 3, 917.46
1698707758, 0, 275, 440, 385, 63, 2.75%, 4, 0, 3, 1058.99
1698707763, 0, 275, 442, 387, 63, 2.75%, 4, 0, 4, 976.52
1698707910, 0, 284, 444, 388, 62, 2.75%, 4, 0, 4, 796.64
1698707930, 0, 284, 445, 389, 62, 2.75%, 4, 0, 4, 744.63
1698707961, 0, 284, 446, 390, 62, 2.75%, 4, 0, 4, 715.31
1698708302, 0, 285, 446, 389, 63, 2.75%, 4, 0, 4, 524.10
1698708332, 0, 285, 447, 390, 63, 2.75%, 4, 0, 4, 302.34
1698708607, 0, 285, 448, 391, 63, 2.75%, 4, 0, 4, 468.07
1698708612, 0, 285, 449, 392, 63, 2.75%, 4, 0, 4, 592.42
1698709410, 0, 290, 449, 391, 63, 2.75%, 4, 0, 4, 561.25
1698709832, 0, 290, 450, 392, 63, 2.75%, 4, 0, 4, 618.84
1698709939, 0, 293, 450, 391, 63, 2.75%, 4, 0, 4, 672.38
1698710441, 0, 308, 450, 390, 62, 2.75%, 4, 0, 4, 635.06
1698710609, 0, 308, 451, 391, 62, 2.75%, 4, 0, 4, 600.27
1698710969, 0, 316, 451, 390, 61, 2.75%, 4, 0, 4, 643.06
1698711329, 0, 322, 451, 389, 60, 2.75%, 4, 0, 4, 393.69
